0.0625 1.1506212159113902 0.22392090373308893 0.26174238480031886 
0.1875 1.1029697943641121 0.21850449101575176 0.2521597456930351 
0.3125 1.0348289356057765 0.2074605629533467 0.24096939721306576 
0.4375 0.9595171982910544 0.18885389016458565 0.23400011227616302 
0.5625 0.9126306961749844 0.17391947524342022 0.20416511024625206 
0.6875 0.9174302134424068 0.17218866267320432 0.20559888492394762 
0.8125 0.9086731498097416 0.17753511158244717 0.2216758721521055 
0.9375 0.9165169561086902 0.16584943297899435 0.19865394283562032 
1.0625 0.9325322181562012 0.196827180209741 0.25861796089807765 
1.1875 0.8595758106090384 0.17706952652484187 0.22724150423650602 
1.3125 0.9606561004575985 0.18733167800881145 0.2207765399254199 
1.4375 0.8554376550570948 0.21362248164010322 0.34940058919851147 
1.5625 0.8804004790209682 0.18570360581461098 0.21817051886885086 
1.6875 0.9783069386083162 0.3078828156383515 0.3926932823491359 
1.8125 0.8006643950958676 0.20018905205631132 0.21481185891860366 
1.9375 1.029357236914186 0.29469145050963164 0.32313635351561065 
2.0625 0.7430889056204093 0.1931382628213273 0.7294588044869603 
2.1875 0.7444423228248522 0.12554386029371722 0.24248835222937104 
2.3125 0.8988354828047552 0.2240014912182432 0.8350748234065776 
2.4375 0.8479324918450794 0.2513163262791368 0.11403190226966009 
