1.0 1.0268874135424393 0.18720428442867354 0.2277540167899217 
3.0 1.0399506177093087 0.19903433997708253 0.24439292649642175 
5.0 1.0238291641386599 0.1750781772418969 0.20313541422851777 
7.0 0.9424916205293463 0.15652276139826915 0.1857212560488768 
9.0 0.9030851790743295 0.13849178841384524 0.16518917866924587 
11.0 0.8968689448116112 0.138348222956727 0.16052065921360015 
13.0 0.8543605318515092 0.1342026368592586 0.15994233948574255 
15.0 0.792337236290266 0.11658083203360625 0.13798047891911813 
17.0 0.7390775485009957 0.09832428293435058 0.12163865371317939 
19.0 0.6989731178042701 0.08872254023473503 0.10660622132272535 
21.0 0.6819818591058517 0.08864616480285836 0.09631303277428371 
23.0 0.6657937449065772 0.08667185827040724 0.1125487450153212 
