1.0 1.0255719428213819 0.3258651827992469 0.3519352688647506 
3.0 0.878753537933001 0.21432545613589216 0.2758304463150486 
5.0 0.900793122195885 0.1892665501696189 0.23226553503341185 
7.0 0.9317851102684551 0.18338909722556584 0.19390503137661153 
9.0 0.9266210297865782 0.16450745973676573 0.18155572763632644 
11.0 0.8995186584300305 0.15152936424285768 0.18794276466738014 
13.0 0.8922557905752109 0.15897074671658074 0.18339971842535574 
15.0 0.8816348506698231 0.1492759012420577 0.1958498598053573 
17.0 0.8878638943977547 0.150227225389318 0.19020259946675055 
19.0 0.8808031531058503 0.1421281413317791 0.16426136458467722 
21.0 0.8563066099747322 0.14030271934768368 0.15852536211951873 
23.0 0.8339653248018288 0.10956729455005743 0.14676789732521112 
