0.0625 1.1530174395659776 0.22473608392297195 0.2637253653158609 
0.1875 1.1146583042283065 0.22288531627204433 0.25074435269617923 
0.3125 1.0751968837651904 0.19637492028493442 0.2237077002204806 
0.4375 1.0270408695033493 0.18518519250498433 0.23080496422491392 
0.5625 0.9452206267466179 0.1805469210905437 0.21100135805259734 
0.6875 1.0174417074360558 0.1867557842669979 0.24818488338359623 
0.8125 0.8862423080541112 0.21389677494678638 0.4079447512163129 
0.9375 0.8888549354256102 0.1656248040434034 0.18961638335803388 
1.0625 1.137804459604149 0.3295278458213605 0.3235020384379035 
1.1875 0.7711166528971536 0.1590830648669227 0.2778710824826367 
1.3125 1.0569959402595817 0.18818409835397087 0.27234346011993504 
1.4375 1.1056639250060583 0.44714525726851806 0.45934640115444547 
1.5625 0.9577959180456415 0.2251846755899073 0.24179913076041282 
1.6875 1.3099992678786707 0.21908499543813242 0.23523976650328016 
1.8125 0.903940539126119 0.21217872391388215 0.2860240333364392 
1.9375 1.1656010940384216 0.22462653347930595 0.2266398018416449 
2.0625 1.4927741323172508 0.4882223663883605 0.3928679662048242 
2.1875 0.9520481451917201 0.05865458995199546 0.14617511908640413 
2.3125 1.3140725484331686 0.0292579482121329 0.5234920636343796 
2.4375 0.0 0.0 0.0 
