1.0 1.1710900683384657 0.2669607462454555 0.3128560821443125 
3.0 1.0526628158499873 0.2171479621750202 0.2588976340275304 
5.0 1.0096899245525637 0.1817683811062183 0.20876301459385016 
7.0 0.9452644545326946 0.16108519132503407 0.18988782958461947 
9.0 0.924099013965199 0.1495471191882045 0.17710991031239298 
11.0 0.9129553644642596 0.14525034927876468 0.1709702845242438 
13.0 0.8725763071007813 0.14168744365056296 0.1624770756685654 
15.0 0.8168796863478405 0.12458635905674109 0.15202062081921663 
17.0 0.7750531066988389 0.11385719591027166 0.14847907164273688 
19.0 0.745657526299593 0.10817693003862205 0.1472299223688308 
21.0 0.7319389836322712 0.10974162567695833 0.16076263128369805 
23.0 0.7505318672269377 0.12414032315881673 0.16529730877942195 
