1.0 0.9295458132196437 0.21482514890799986 0.3174635908097361 
3.0 0.9398896880165951 0.19945768586582457 0.22770708052949573 
5.0 0.9697861417564114 0.17369365495540745 0.21213791104386137 
7.0 0.967736161424343 0.16103805067501153 0.19606199118352163 
9.0 0.9898363596046615 0.15880866322475995 0.17805528922475244 
11.0 0.9591721491912337 0.15331351128331205 0.1679461168321157 
13.0 0.8971451134380585 0.1413823824237872 0.15519509005695775 
15.0 0.8365887728240908 0.12515997315342386 0.14659364642058414 
17.0 0.7965472603444144 0.11282974993174522 0.14481463318686794 
19.0 0.7731180316094575 0.11226792542641895 0.13796472193222664 
21.0 0.7660321306080857 0.11052615689731593 0.15739332344482038 
23.0 0.7920839123622062 0.12409623977216666 0.1480527611312693 
