1.0 1.187835612167516 0.26579864199520997 0.3106686566724739 
3.0 1.1166052716724226 0.21311759766198957 0.25342200410645566 
5.0 1.0302142895330368 0.17407094454010996 0.21537985454875175 
7.0 0.9157150117360084 0.17612142447663726 0.20693221963049946 
9.0 0.8209356073773033 0.13914489414050402 0.16588938459006486 
11.0 0.7750504578113226 0.10402070913472583 0.12801751715297538 
13.0 0.7587113813903641 0.10525331418322903 0.10968067082518618 
15.0 0.7119028553760127 0.06754326987933235 0.11676916330422016 
17.0 0.6479733446654281 0.050780995032824294 0.08279643078223298 
19.0 0.7431821806164628 0.003528322555847674 0.003528322555847674 
21.0 0.0 0.0 0.0 
23.0 0.0 0.0 0.0 
