0.0625 0.0 0.0 0.0 
0.1875 0.7544388532208395 0.09875894278056807 0.12655058437001687 
0.3125 0.7964894265587115 0.11746303158720184 0.12970967826679514 
0.4375 0.8410494598831987 0.12862531325982685 0.14902444480481436 
0.5625 0.8821790086773458 0.14208390005978078 0.1609095634948885 
0.6875 0.9048798159120757 0.1430453099221506 0.1654946118073084 
0.8125 0.9208869225603947 0.14952696013118705 0.16642623023437053 
0.9375 0.9134692982145824 0.14747422854047587 0.16803467952758888 
1.0625 0.8920431274740244 0.1514651386445538 0.17895285642984926 
1.1875 0.8835868835960031 0.14422947337025382 0.20831931977970009 
1.3125 0.9283973633728559 0.16183830490640094 0.17859648209398782 
1.4375 0.8923485470315926 0.14949421316504674 0.19253800855177006 
1.5625 0.8727576132605418 0.1726037431651466 0.18022819777567112 
1.6875 0.7884072637903989 0.16309519796633953 0.20972843956578358 
1.8125 0.822609444505844 0.19211923292860156 0.19593850550040737 
1.9375 0.8233355168964096 0.29617766016836344 0.17119393856597465 
2.0625 0.5816418878273377 0.06890227384805081 0.16912424979975682 
2.1875 0.7640550863024324 0.1237487067314077 0.12651613849389387 
2.3125 0.7387059285705356 0.15984191354330035 0.26070020576696995 
2.4375 0.7160468080223881 0.17065071980356883 0.058885898358264854 
