1.0 1.171597163372509 0.3694575549901059 0.3655232505409156 
3.0 0.8748466272301079 0.26687114090431796 0.3977393258618427 
5.0 0.8104164658844282 0.22313589386933408 0.27536267039556805 
7.0 0.7660327425264455 0.21272042216203446 0.2087446063460332 
9.0 0.7754113199141672 0.15879085241866764 0.22167788866579885 
11.0 0.7504766310944035 0.18526370387951374 0.2034209993803643 
13.0 0.7496062939124741 0.16996741220984857 0.2680228376414566 
15.0 0.7919940278610691 0.18539169210473427 0.16805471460276944 
17.0 0.7652898808832962 0.21952439486627817 0.16455073304123458 
19.0 0.7776515103740692 0.12532746154188268 0.064367448555528 
21.0 0.7225079199092237 0.15511250597825854 0.12957038837988788 
23.0 0.751167506421499 0.1773890646805769 0.19843486011987865 
