0.0625 1.1379876512139315 0.21591966760239656 0.2519634005215565 
0.1875 1.1078328059441804 0.20890748580609686 0.2501929829840226 
0.3125 1.0737753606010998 0.19973461739624465 0.2477150507416288 
0.4375 1.0461870574939476 0.19450714640688782 0.23619576901714012 
0.5625 1.0114319665896523 0.18718243221005715 0.22134569537073778 
0.6875 0.9766179857754409 0.1790821923043917 0.21935250216693625 
0.8125 0.9408394781654239 0.20385919028704846 0.23034978923672678 
0.9375 0.9463398288420317 0.19237505407219246 0.22698457306497466 
1.0625 0.8895592304674029 0.20240296877488895 0.2687584639319225 
1.1875 0.8409956389967569 0.1794873928363908 0.2281981375012604 
1.3125 0.981564515381266 0.21444844076674718 0.24673485499364323 
1.4375 0.7395161194245562 0.17251031992580856 0.32211385213567023 
1.5625 0.8547851754762394 0.18104214798389817 0.24023506471315637 
1.6875 1.0461084012149295 0.3715982248981661 0.2757512711640726 
1.8125 0.7737216854890657 0.19773419070990417 0.18022105933225363 
1.9375 1.1265724590274968 0.19681780149283157 0.3069846425567484 
2.0625 0.7895681553932967 0.23964648054743243 0.6373071658791767 
2.1875 0.8671374292845968 0.02492801799935651 0.11073484432703085 
2.3125 1.7352469497969327 0.12011454472563265 0.00209588229659019 
2.4375 0.9607716747990099 0.04482575410716372 0.0025328653416817337 
