0.0625 0.939493078010859 0.18068624908602549 0.2405867013039682 
0.1875 0.9376285041438788 0.18648647422481102 0.20036609236363634 
0.3125 0.9289493966208088 0.17011943831960186 0.2048377726173004 
0.4375 0.932065383025684 0.1543440274147032 0.18719865758822718 
0.5625 0.9444732971619669 0.14864340066644666 0.1797520043146874 
0.6875 0.9607497282433346 0.15385350817518928 0.18103431514211565 
0.8125 0.977827337268015 0.1623388111039865 0.1898474295793512 
0.9375 0.9856075310172568 0.16897464263311168 0.190927722629591 
1.0625 0.9511975842554296 0.17692697340909636 0.1940067273114302 
1.1875 0.929970304636712 0.17270371675882656 0.20268865783940537 
1.3125 0.8991166246503246 0.16644399265607146 0.18817473756516145 
1.4375 0.8532495101601757 0.16401781030310436 0.20193974897637357 
1.5625 0.9072970028805221 0.17888738732714038 0.19199637750889176 
1.6875 0.7565280425209813 0.19607427489856277 0.2126161820275575 
1.8125 0.7884845861987366 0.19004737305082997 0.1680250452835843 
1.9375 0.9034484191293168 0.2664265193109654 0.1451957645462747 
2.0625 0.6124928298502053 0.12670043952433763 0.15738014844875414 
2.1875 0.737636321227889 0.055245305574700754 0.31741133827014745 
2.3125 0.6497964498109323 0.0 0.0 
2.4375 0.9194936141024098 0.0 0.0 
