0.0625 0.0 0.0 0.0 
0.1875 0.673002425119047 0.06178104384933769 0.0616301432195675 
0.3125 0.6812313157130964 0.09148948400273149 0.1262723619730125 
0.4375 0.6962284141986217 0.09430247905146039 0.12422967638038951 
0.5625 0.7234663988044818 0.10167540847283463 0.12154635981715878 
0.6875 0.7527508905945965 0.1028041432499105 0.12798820360957197 
0.8125 0.7870600624526698 0.11375635700964881 0.13561108499251984 
0.9375 0.8277957103649481 0.12574802876977764 0.16358920933870824 
1.0625 0.8632283449474184 0.13950877749305501 0.16752759163973263 
1.1875 0.8845505778984994 0.14040610598835768 0.18408760385755052 
1.3125 0.874582436182322 0.13705041717590638 0.1976533088718324 
1.4375 0.8435507312877948 0.15540708210833876 0.15263683649097348 
1.5625 0.8019229334777525 0.1071440347272854 0.21447604440469137 
1.6875 0.80907144374471 0.13579438566338953 0.13211970802653494 
1.8125 0.7773505830541496 0.1997583206008683 0.15298174304885004 
1.9375 0.7285535492167521 0.1742605810204374 0.24605757696215125 
2.0625 0.6806160855108345 0.129785361287584 0.09478637236628085 
2.1875 0.5679459273084774 0.029323291123177664 0.12073438288428895 
2.3125 0.7896990211754314 0.11380967942903619 0.09958105360383407 
2.4375 0.6141618427577259 0.06570923545863427 0.34385647376412853 
