1.0 1.2027317296163753 0.25809059338534734 0.304337470578679 
3.0 1.2757720777660488 0.25911130513969227 0.3470402471556595 
5.0 1.2479093914514052 0.2281788855506408 0.28578297093231253 
7.0 1.1380731751992008 0.19736120609789165 0.24783934835480914 
9.0 1.0905396068553763 0.17288991299378953 0.22283642380585222 
11.0 1.092772730394704 0.18495583562219065 0.23118549500722252 
13.0 1.0402116396202319 0.1807849937490449 0.2183371269109713 
15.0 0.9650423088085514 0.15357917053631676 0.1930889271792735 
17.0 0.8952727079948147 0.12770874816840616 0.172004025231128 
19.0 0.8523119734323285 0.11783574981609535 0.14385250537345728 
21.0 0.8204070110503549 0.110084594087143 0.133487107466025 
23.0 0.8160108143743394 0.11979407363699812 0.16756254858392705 
