0.0625 0.0 0.0 0.0 
0.1875 0.9159859724020492 0.14004975468415526 0.16692908847859989 
0.3125 0.9705625152087485 0.1564458253190668 0.19629190840635768 
0.4375 1.0232643924368077 0.1740099111859129 0.20486571884293836 
0.5625 1.0723218476916019 0.18563854508823685 0.2295563704985717 
0.6875 1.1015378522242938 0.1870789887615415 0.2422358487696037 
0.8125 1.1338189574392712 0.19240159556106629 0.2319106916346858 
0.9375 1.118548250219287 0.1819934013418194 0.24444161342992055 
1.0625 1.0968711422434723 0.19700205620626055 0.24067805263680508 
1.1875 1.097307432817171 0.20023656826201774 0.26125735009933226 
1.3125 1.120617137482086 0.2059939838720981 0.2746296658167393 
1.4375 1.1308024705502793 0.21459542996183067 0.2654275336153056 
1.5625 1.0410155532860683 0.22636709944433564 0.30680620168352557 
1.6875 1.011633423629394 0.2304318677063808 0.2700848299389029 
1.8125 0.9656848482290117 0.19532629822571612 0.3854088030556062 
1.9375 0.8987899780251573 0.2672515402099591 0.19811536719077905 
2.0625 0.761983287086258 0.1901579451231904 0.3127338813370659 
2.1875 0.6866916275081576 0.18317970708681686 0.4157623229247607 
2.3125 0.8353845872532875 0.27574081880508516 0.10549149891216325 
2.4375 0.9483067477208278 0.2704866605555948 0.656292256067915 
