1.0 1.415789303770041 0.35070166890534527 0.431779630927114 
3.0 1.283849584139631 0.28495936855726545 0.3614642841475759 
5.0 1.2266129588332184 0.235893380599146 0.29214317347038987 
7.0 1.144012029432081 0.2065343585673063 0.26074351544964314 
9.0 1.123222377590925 0.19182771439523316 0.24488256223511096 
11.0 1.1186250909742197 0.19498308554613386 0.24471879240566752 
13.0 1.0645849411572594 0.184469216873408 0.22546017297546106 
15.0 0.9998795064037249 0.16206839225907654 0.2100825777361357 
17.0 0.9429530541453186 0.14738557879479386 0.20664649499541388 
19.0 0.9123687806140357 0.14182047424730926 0.21097894920595195 
21.0 0.8930795490911816 0.14164633705857588 0.23043912198368655 
23.0 0.9246895680936721 0.1758301816970529 0.2292147916216386 
