0.0625 1.3923803462383326 0.2984399378153 0.3578869852211861 
0.1875 1.3415752459998347 0.2834283822489334 0.33635023069704917 
0.3125 1.2771173827513613 0.2656716529191838 0.3190770330056105 
0.4375 1.2206475331279838 0.2494196473912489 0.28451182676933273 
0.5625 1.1182132196176362 0.24904496601771153 0.29177198027839824 
0.6875 1.0673979174602655 0.2048491877666765 0.2782533978520345 
0.8125 1.0566571327129552 0.2711161481086085 0.33967846212368435 
0.9375 0.9196353142057015 0.19176774314996137 0.2704829918193711 
1.0625 1.116880576968558 0.21764380414660411 0.30069488335546923 
1.1875 0.8872253080324316 0.2156159501070546 0.3878934820726744 
1.3125 1.0464884648058814 0.22394602157753773 0.2572299697356739 
1.4375 1.1706797292873112 0.37921438658817097 0.38432058488193843 
1.5625 0.900475014702693 0.16558975134845455 0.3237000000171706 
1.6875 1.2900792540506418 0.24927326803569416 0.3535489771190703 
1.8125 1.017418935561968 0.20662891764566327 0.3656749071496299 
1.9375 1.1799734909330306 0.2978826039340584 0.3310866087057842 
2.0625 1.2867331896166068 0.2607632377509497 0.5297048557256008 
2.1875 1.1656424649526584 0.08370454371931868 0.0021328214751548114 
2.3125 1.3858371071954045 0.010232872377414104 0.1495912894691125 
2.4375 0.0 0.0 0.0 
