1.0 1.4440319063587768 0.34509840166226713 0.42801841807599095 
3.0 1.36781586206894 0.27592996059593067 0.3536350971850317 
5.0 1.2365357068743315 0.22167904498226987 0.29511582379552403 
7.0 1.0930138720808984 0.2156571326687321 0.2674213138382431 
9.0 0.9784526815536759 0.16625183907510488 0.21323982009050735 
11.0 0.947109918235962 0.14614073243843517 0.17840077360527717 
13.0 0.9231085157239987 0.136063486545266 0.20897841238469494 
15.0 0.9104109084402457 0.15029108364815635 0.2060040783794871 
17.0 0.816926229667065 0.12520432868286002 0.12566341567905404 
19.0 0.8670297678472105 0.13532765827772342 0.13532765827772342 
21.0 0.0 0.0 0.0 
23.0 0.0 0.0 0.0 
