1.0 1.048830736442905 0.2706970349811908 0.3441226223349425 
3.0 1.011820093172784 0.2606261435506555 0.3203688388397845 
5.0 1.0946200930904963 0.24838519675290216 0.3249104511897607 
7.0 1.1303254448772309 0.24100677048195174 0.30076212743787845 
9.0 1.1358514539522007 0.21254799825715898 0.26126199541236006 
11.0 1.1131251745839217 0.20727637793983011 0.2597642576988475 
13.0 1.09175379664354 0.2067594266480388 0.2557330254714083 
15.0 1.080368719633927 0.1911743183554715 0.2695375357105567 
17.0 1.0923335565579038 0.21088687575121512 0.2801203095236622 
19.0 1.090556286641898 0.205042115790933 0.25207604573094433 
21.0 1.0764551564830733 0.18741876852102324 0.23297673274021546 
23.0 1.0416741840793975 0.16124497562304163 0.2164791558816832 
