0.0625 1.39094197197894 0.2798462319633408 0.35844070886930757 
0.1875 1.3521795910696288 0.26938377366969557 0.3513742402656317 
0.3125 1.3108511644145397 0.2587891605681445 0.3539932011906537 
0.4375 1.2854658794621763 0.25447940022886506 0.32913782348914467 
0.5625 1.2385642418550895 0.24093944879629292 0.3158198796582692 
0.6875 1.1989589219073902 0.246865535143593 0.30682557548748757 
0.8125 1.143050926858184 0.261341892019726 0.3266469598401571 
0.9375 1.1164086904943584 0.25758221933665226 0.3149992675451627 
1.0625 1.0849360642683321 0.2704738585614881 0.3376715295356514 
1.1875 0.9772447621964964 0.2490615137249611 0.3041555838495109 
1.3125 1.059365332717067 0.20877503665977393 0.3127860637420752 
1.4375 0.9075601137047369 0.2341387371050525 0.3618150419006603 
1.5625 0.8766147933742198 0.18737834510168183 0.3415337508268158 
1.6875 1.0542427129931224 0.2424980560437513 0.2694572317842925 
1.8125 0.8893439935067031 0.22871926916998464 0.3204080074118001 
1.9375 1.1595983113175938 0.2777184587231659 0.33474371258168234 
2.0625 1.0739715328451722 0.3831427714236062 0.702629301700896 
2.1875 1.0529614978606618 0.08054828405672143 0.04080552193414655 
2.3125 1.2933748128590221 0.06969724954884127 0.0022454854201716667 
2.4375 0.8703219071024363 0.1503641344314327 0.003186303391206513 
