0.0625 0.0 0.0 0.0 
0.1875 0.8643941092286418 0.048455545678406486 0.08070930726659797 
0.3125 0.8398872124459673 0.14110661083918297 0.19261235984981306 
0.4375 0.8489655120153866 0.13266335078234381 0.16828628497503206 
0.5625 0.8763960962186356 0.12863979719483898 0.17361349158865036 
0.6875 0.9183154898146293 0.13651186126150694 0.17224822064592527 
0.8125 0.9686625648987499 0.15198422268532508 0.19875629824926122 
0.9375 1.019717976125344 0.1570410041600675 0.2240279573517452 
1.0625 1.0572329124145183 0.18737422923229996 0.2608360821241833 
1.1875 1.0872882977586964 0.1804087698068283 0.2647683990472989 
1.3125 1.1015740360076427 0.20264190263700654 0.26221546885132874 
1.4375 1.0297967606639 0.1721838568297157 0.27466369049218287 
1.5625 1.040768358042599 0.1850190597030077 0.2520538866191424 
1.6875 0.9804743884658756 0.17970477533885665 0.2903609811125668 
1.8125 0.9548181798616739 0.17391150032134073 0.3081344838635973 
1.9375 0.8784774062907901 0.21196981304689122 0.2750891894676146 
2.0625 0.8067564556621712 0.11657813621075774 0.19177550097658125 
2.1875 0.7627279268769629 0.32596614064412105 0.11011448476575136 
2.3125 0.8874398230232916 0.11740873716419908 0.32502400949150956 
2.4375 0.7902401632740222 0.06896210921474699 0.181433321155981 
