1.0 1.1908863973479236 0.3006535081707953 0.41928805770878497 
3.0 1.012610927024641 0.2810339143059747 0.38490199359725263 
5.0 0.8648517574651382 0.2229405716732682 0.4589945757296565 
7.0 0.8515316512135706 0.20620483194765504 0.321396914290185 
9.0 0.860321285984619 0.21211710676736573 0.29409178937124625 
11.0 0.8785765707282189 0.2841282425791595 0.3109768866245073 
13.0 0.9645200969251968 0.27946536855705817 0.39658900167720734 
15.0 0.9548181798616739 0.1984183492950915 0.33662926925458114 
17.0 0.881790305440479 0.17321302521208592 0.3402992712336923 
19.0 0.9223247258021023 0.10667396459773393 0.3695816634931466 
21.0 0.9002310210267737 0.24570541932514556 0.2808255265017825 
23.0 0.8910587288721439 0.13641919365313426 0.3659907803817921 
