0.0625 1.1311658322378726 0.2542830623414768 0.2620931928239405 
0.1875 1.1247288199262866 0.23247838764060147 0.2568168590745892 
0.3125 1.1076523589189708 0.21243787870544717 0.2663702137879542 
0.4375 1.1239182097957139 0.19414297265125113 0.25427713135042196 
0.5625 1.1498060602112667 0.19132056467122216 0.24347868190609145 
0.6875 1.1742711622430506 0.19894646988126963 0.25174899787186233 
0.8125 1.2028489972427108 0.21728096497239024 0.2739691189756912 
0.9375 1.2054509166119924 0.21476624716938542 0.2813515440831671 
1.0625 1.1807850100654966 0.22577017904440955 0.27312764071823215 
1.1875 1.1296019803017872 0.213128452911448 0.27571476120265626 
1.3125 1.072209855608102 0.2302317193283805 0.27300230254827973 
1.4375 1.0070602815289926 0.2403776791119202 0.331623187729289 
1.5625 1.0475523120709542 0.1839236729760798 0.3807752684458776 
1.6875 0.8836884464644285 0.20509729636690288 0.2874831037538913 
1.8125 0.8452473886617657 0.1952707489428296 0.30351929066847116 
1.9375 0.9798638602545968 0.19066554509238098 0.3905985029246286 
2.0625 0.6799731285858897 0.0915936664741388 0.2662749421841927 
2.1875 0.7323302524336548 0.11086164255583508 0.2733180422951682 
2.3125 0.94857650142388 0.0 0.0 
2.4375 0.9283765573806202 0.0 0.0 
