1.0 1.0243694695522014 0.24146171571239594 0.3135181938800651 
3.0 1.128637411610117 0.26152181652412454 0.32188769411615237 
5.0 1.1827883620190667 0.23270127973556032 0.30279238755900373 
7.0 1.1847643964312886 0.21000579269567898 0.27562417032378717 
9.0 1.2167745179549632 0.21073943232933479 0.2628392393179473 
11.0 1.1794219821109666 0.198185804011057 0.2509201674910868 
13.0 1.1021529601201525 0.1814472378176647 0.21699336587918783 
15.0 1.0312112667136486 0.1586008671208864 0.19351189003879554 
17.0 0.9749345460315482 0.14571345070890762 0.19295349742035728 
19.0 0.9538964228393461 0.14720461502499882 0.20018031827591254 
21.0 0.9488193884774192 0.15834486038191975 0.23043769279005688 
23.0 0.9640878486546677 0.16548411843243405 0.22752127211013284 
