0.0625 1.3917355978020747 0.295059967782197 0.35792183839329894 
0.1875 1.3347412924751212 0.2787946260843752 0.34458074187564214 
0.3125 1.244358987216629 0.26715069543562253 0.3408339981377362 
0.4375 1.1628887102293959 0.24009125155518252 0.31035906564851534 
0.5625 1.1098060137887809 0.2230237382598419 0.2771998960637967 
0.6875 1.097954567557567 0.21273853572171908 0.27573638637353026 
0.8125 1.1101860862666844 0.22376745340240745 0.28642948088213904 
0.9375 1.0924203506744652 0.22494513264724203 0.28245410539198224 
1.0625 1.1104490737422081 0.22363409967815073 0.28313600009902307 
1.1875 1.031329553262895 0.2500279220558106 0.3121130712127771 
1.3125 1.0750053449899757 0.21898334632460137 0.28390109207770964 
1.4375 1.0431306979455728 0.28758606412941135 0.3500127180542536 
1.5625 0.9690600650481062 0.20864133911638083 0.3434384696483389 
1.6875 1.0698284031282903 0.27293293929501583 0.3080611702035463 
1.8125 0.9178453087601162 0.22439511741060003 0.3525586114632586 
1.9375 1.0540821747208033 0.24807916584795608 0.40889601585856217 
2.0625 0.9095435301071366 0.2752827758690416 0.5107225101128012 
2.1875 0.8156062272562935 0.2654672526694276 0.29446467000531606 
2.3125 0.9713834105895442 0.18514521465775724 0.4140739835400429 
2.4375 0.8705339072442122 0.23041416339625742 0.14102300688558955 
