1.0 0.9749315512249113 0.2754309541532589 0.2678402159299109 
3.0 0.8484001589115955 0.2027943051469302 0.2550181569144916 
5.0 0.8874433097842095 0.1942093364118015 0.2438585935439056 
7.0 0.911651172001734 0.18638649482747682 0.21581655133264488 
9.0 0.9151729208996738 0.16494628836001946 0.18797963332630097 
11.0 0.8980810241056505 0.16181102855294538 0.1877851761932947 
13.0 0.8911663376945727 0.15869273221364755 0.18060011034343604 
15.0 0.8763529324047575 0.14669754419859893 0.18817117658834792 
17.0 0.8694331691914402 0.1450300982812921 0.17304451288086364 
19.0 0.8450258737975986 0.1432051767679553 0.16447969387070493 
21.0 0.8186982795042584 0.12864725427637225 0.1807537216957682 
23.0 0.8132510991597008 0.126559960819163 0.12907067412806394 
