1.0 1.177480440208588 0.2631714580313783 0.30735443247177985 
3.0 1.105122759447951 0.2090241224138798 0.25360706396777744 
5.0 1.015750038154768 0.1735771707641237 0.20474580117784558 
7.0 0.8944137945926856 0.16961453905004464 0.18774209541898945 
9.0 0.7916562071045281 0.13208524983648018 0.16482545909321722 
11.0 0.7513435901364698 0.10662297844600577 0.11883804483036331 
13.0 0.7148485231500532 0.10486316917185734 0.10056806352954462 
15.0 0.6526814657463611 0.0698076704822228 0.12858662862753778 
17.0 0.6237489644582019 0.0420065504954239 0.06571346396998112 
19.0 0.6968268852224243 0.0617288722684195 0.0617288722684195 
21.0 0.0 0.0 0.0 
23.0 0.0 0.0 0.0 
