1.0 1.1594650434536704 0.264939908275472 0.30891710343791035 
3.0 1.0445087132478656 0.21919650755001407 0.2570228561104684 
5.0 0.9953251682335413 0.17857656460451754 0.20755488685429957 
7.0 0.9297261504750292 0.16010649458340243 0.1846476039236773 
9.0 0.901680458636098 0.14775182803680686 0.17065224378375898 
11.0 0.8819033625489073 0.14748952065955223 0.16862942675818549 
13.0 0.8386542662816115 0.1380176198109545 0.1621961746150461 
15.0 0.7909732324077902 0.12633279064541247 0.15368318058634156 
17.0 0.7517208152895303 0.1149209495843706 0.14913459977302213 
19.0 0.7294927249404645 0.1104599573112015 0.1472543421332556 
21.0 0.7125675297321905 0.1072280311304975 0.1455008499725542 
23.0 0.7215112419548919 0.11367386376991839 0.13646758788284918 
