0.0625 1.1459437500933156 0.22314304674847873 0.25829338212241937 
0.1875 1.1096612429025337 0.22182489013096485 0.2514208721095408 
0.3125 1.0596494017164457 0.19748634091437256 0.23571714657202425 
0.4375 1.0219763061174365 0.19100964255345176 0.22437434071833073 
0.5625 0.9390862859628302 0.1838109800786063 0.21396349510810397 
0.6875 0.9763814197891914 0.17038230513627717 0.198754872550015 
0.8125 0.8818331118408437 0.21474853045974773 0.3470063311909274 
0.9375 0.8500509495127749 0.1466578395174991 0.1755360151623061 
1.0625 1.0718814989911254 0.2675868432366417 0.2218054230968738 
1.1875 0.7746710905291201 0.15356501144825974 0.2501502744202586 
1.3125 0.9962170887209684 0.17262213971329743 0.19576573025854616 
1.4375 1.0527696152684634 0.4113684028688782 0.3382885800793436 
1.5625 0.9055824030278605 0.16831896667724877 0.20118203731812034 
1.6875 1.2138904557133032 0.1636315221190805 0.32821544366823097 
1.8125 0.861122490538973 0.13193550073950489 0.28962070667758055 
1.9375 1.1342977260282199 0.23225505138726832 0.19967777401979148 
2.0625 1.335786476740517 0.3365812020817358 0.28112485216353433 
2.1875 0.9195068256330639 0.03270515682198749 0.14827326870048396 
2.3125 1.6291847139543454 0.04584432476786238 0.007987008543717256 
2.4375 0.0 0.0 0.0 
