0.0625 0.0 0.0 0.0 
0.1875 0.7204124073291404 0.09334801601371767 0.1441601818394328 
0.3125 0.7528905586720891 0.1117414920296852 0.12163624392498151 
0.4375 0.7946560386839883 0.12626891937134288 0.14680384164099625 
0.5625 0.8434035345610339 0.13724672483827682 0.15325330995305286 
0.6875 0.8697509109321038 0.13861507569761822 0.16132359550794395 
0.8125 0.8949402674405018 0.1464778313235111 0.16522325798974813 
0.9375 0.8961863409474368 0.14964083941843997 0.1694710154945408 
1.0625 0.8847776000330176 0.14661377047089308 0.17736381486334274 
1.1875 0.8993797575749656 0.16278393254420964 0.19296633478091452 
1.3125 0.9296012086597168 0.1635202874661681 0.1871250085847983 
1.4375 0.8965794769412225 0.17735066632981933 0.16849080051841803 
1.5625 0.8397819217537916 0.16475516242902455 0.1805889863771426 
1.6875 0.7783671953640227 0.15307442853842745 0.24993654901282858 
1.8125 0.8005658255398377 0.18399055055124902 0.16092514423981685 
1.9375 0.776132656975725 0.2207760399434764 0.22012130942304153 
2.0625 0.6408022401110249 0.16154571791291517 0.09121393973038028 
2.1875 0.7592240837684884 0.22638834771306215 0.2765636339694081 
2.3125 0.6752378367882785 0.1347552808381095 0.05702446862857058 
2.4375 0.7655067679125447 0.23993126681601107 0.12724578697383648 
