0.0625 1.1320495671171458 0.2135494847247168 0.25045411685731933 
0.1875 1.0951475942026077 0.2055891757791224 0.25232272941633305 
0.3125 1.061550933341941 0.19608091936724592 0.24643806616430064 
0.4375 1.041499403290568 0.1967613528019455 0.23337845507015986 
0.5625 1.0028323852149867 0.18388999891210855 0.22410622325889906 
0.6875 0.9769677463620778 0.18305157502671543 0.21860550734565432 
0.8125 0.9302131908211058 0.19605457413873362 0.24395228343031028 
0.9375 0.9237541899826551 0.19406313755806948 0.23767469732574176 
1.0625 0.871990532892305 0.1990451724669544 0.26661235989584164 
1.1875 0.8112951513147127 0.17051575338664193 0.22947238442702067 
1.3125 0.9368757074411564 0.20757233654135898 0.20889970290692572 
1.4375 0.7430993629620036 0.17869433085242137 0.3060382564341749 
1.5625 0.8202761054740472 0.1647083932096144 0.19061645017552398 
1.6875 0.9946640508168264 0.2954662395546951 0.27460240462993124 
1.8125 0.7616211043537243 0.1803273561602512 0.16940217258865664 
1.9375 1.0516268099017552 0.19400537737680024 0.2093805428638953 
2.0625 0.8494400243206316 0.30445049455982587 0.3435982358806836 
2.1875 0.8533638228559991 0.01821684606122953 0.06977377908888205 
2.3125 1.5745230221621234 0.10474730826049528 0.0023366725771747365 
2.4375 1.134645599665166 0.06071109631864191 0.0026461715650929474 
