1.0 1.1486233442207643 0.33647365515512295 0.31211459198936975 
3.0 0.8659364436796988 0.2525002039071854 0.3050481906816118 
5.0 0.7871335311506111 0.25546523366963636 0.2616900568857219 
7.0 0.7202364081076447 0.19492833254621833 0.20876958217756436 
9.0 0.7263935849307767 0.19033742548617383 0.23014392364900704 
11.0 0.7130744051558127 0.17462880915901402 0.18742200350393456 
13.0 0.7570033748440724 0.1756924207994296 0.1992225734725147 
15.0 0.7896648628622227 0.20385043845435025 0.250156717719479 
17.0 0.7606672104444302 0.11028682473206786 0.21131940442556096 
19.0 0.7365770237067877 0.09356643811358734 0.1968650666277557 
21.0 0.6996973142372431 0.15863398749341318 0.1407505220034051 
23.0 0.7714485674722358 0.17002471396486352 0.21197173090084087 
