0.0625 0.0 0.0 0.0 
0.1875 0.6677043794858553 0.06014079895518554 0.010046622248756854 
0.3125 0.6386464694895647 0.0787555797600612 0.12017009937080025 
0.4375 0.6597795882390252 0.08780320244074302 0.11044612935501374 
0.5625 0.696390814113741 0.09480167897167535 0.11885404512888598 
0.6875 0.7300839975284144 0.10005109781945731 0.12469153336686123 
0.8125 0.7722616028174627 0.11379949041469972 0.12947949847410134 
0.9375 0.811808307891979 0.12743868692377125 0.1437872422310601 
1.0625 0.8362992434201827 0.1289681040725975 0.17004211070228703 
1.1875 0.8602596854904102 0.1421471099418824 0.1748232443240184 
1.3125 0.8495021559315953 0.14563375695378622 0.184952412979848 
1.4375 0.8270157691095199 0.13909272097263148 0.20428478324661414 
1.5625 0.832301731210076 0.18443997272440937 0.16726020467304814 
1.6875 0.8026409933069172 0.1536835701612963 0.15943501116267922 
1.8125 0.7906083751633899 0.13357143747933076 0.20026375977904898 
1.9375 0.6812129251105077 0.15551427917278782 0.2005534049103137 
2.0625 0.7083738734865587 0.15410823981291333 0.18978345219027914 
2.1875 0.6092053170359059 0.14011288828757323 0.02365295998525918 
2.3125 0.7485454730417758 0.08905120631696117 0.1709592274401215 
2.4375 0.7377830873698343 0.15999202387116296 0.012257304283331716 
