1.0 0.9038566096750101 0.20140804940011714 0.2645379142863752 
3.0 0.926150116994425 0.19769388782416086 0.23789008713599846 
5.0 0.9648809671842766 0.1738785729135348 0.22683706928300218 
7.0 0.9591991043642007 0.16105390822533794 0.18706716424341163 
9.0 0.962180348854545 0.15674015250406137 0.17597174564135665 
11.0 0.9307964605150562 0.15127299278897688 0.17033410194777876 
13.0 0.8715597228500015 0.13558930700655192 0.15989030092165868 
15.0 0.8218700175994331 0.12500033022859114 0.14503650766484366 
17.0 0.7839851566663747 0.11400998894115633 0.13679270398436594 
19.0 0.7644551365408909 0.11593363897998488 0.13280024171052196 
21.0 0.7502140751742488 0.10950634786918134 0.137279989476776 
23.0 0.7533846992317 0.10576287405538731 0.11905636742781633 
