0.0625 0.9297693650530834 0.1767514164978049 0.17596046851956282 
0.1875 0.9127524418675915 0.18406715096605342 0.1987075475999701 
0.3125 0.9048224696735985 0.1710937789277508 0.19984353851489467 
0.4375 0.91318568721016 0.15453683337133928 0.18315561061021102 
0.5625 0.9248454984572204 0.144776966239471 0.17443294477274252 
0.6875 0.946479111059273 0.15083246215228296 0.17869163363358553 
0.8125 0.9650226698459548 0.1602689537818084 0.18422358966980368 
0.9375 0.9631397130795207 0.16465199039300138 0.19248358229845275 
1.0625 0.9342151850291902 0.1689494097085984 0.20580626824017756 
1.1875 0.9199835786986952 0.17097403856767024 0.2048259468109892 
1.3125 0.8689414486884934 0.1666394621185986 0.2243203119192987 
1.4375 0.841103416787156 0.19310960261462884 0.2155724758164197 
1.5625 0.8897206677875062 0.170027851023681 0.184025775732235 
1.6875 0.7034031330141151 0.16283711310641014 0.26075930396849634 
1.8125 0.7685372416713566 0.19838758837301573 0.17204913909418096 
1.9375 0.8666478284129187 0.18924167165766093 0.12481841529212334 
2.0625 0.5642554292902281 0.08499476052721122 0.1420324925886569 
2.1875 0.6872250170953761 0.07167140637514935 0.3621642789393352 
2.3125 0.6674240590278522 0.0 0.0 
2.4375 0.9170028538424322 0.0 0.0 
