0.0625 1.1428348857564017 0.22094238968073987 0.25783266135401095 
0.1875 1.0936813355476027 0.21714632048581106 0.25454741826009 
0.3125 1.0192459037180923 0.21073688885317354 0.24573584294467987 
0.4375 0.9435817002470397 0.19916708415974294 0.23409364201691885 
0.5625 0.8896466480095274 0.1735034951574993 0.20507513043221526 
0.6875 0.8956005035956958 0.17125501980776547 0.20252100156019193 
0.8125 0.8910927533424114 0.17221261393893683 0.21836628603552655 
0.9375 0.8906561364622602 0.1602135215402768 0.19836619546615475 
1.0625 0.9151184619387098 0.19087797416050123 0.23523395884830833 
1.1875 0.84464945695988 0.17352854361973424 0.22523381239782492 
1.3125 0.9256024903963421 0.17992406771655756 0.20739514953967564 
1.4375 0.841624126394827 0.21448742529573994 0.3241242615347639 
1.5625 0.8638748557714775 0.18076589879701743 0.18543853552006673 
1.6875 0.958904395390614 0.3072923607653799 0.3174599924495176 
1.8125 0.7897671999734612 0.17490378878336854 0.20237005011565057 
1.9375 0.9518987159542531 0.22652890743795628 0.26186142556066105 
2.0625 0.7104478672803396 0.17850065849988928 0.5259956297828345 
2.1875 0.7293540299499743 0.13498351681779253 0.3050983124052056 
2.3125 0.9123511391393062 0.25025539473172564 0.6816582522148749 
2.4375 0.8127016476039752 0.15629387677488638 0.31161729045393294 
