1.0 1.0141942909233763 0.18961438504560812 0.22818586010471642 
3.0 1.0370784452800312 0.20205057419731132 0.2442592934273906 
5.0 1.0076087203490256 0.17246508974768737 0.1989393492352809 
7.0 0.9253604540310714 0.1532607475680453 0.1809487789001638 
9.0 0.8828196027801412 0.13909442545470097 0.155784827957971 
11.0 0.8600006800090229 0.14069981699287937 0.15646100627556814 
13.0 0.8096609029902306 0.12897202745839598 0.15193609452465484 
15.0 0.7546235772013785 0.11280353847646618 0.13529292530832004 
17.0 0.7086495409316734 0.09765248108362123 0.1212918134860883 
19.0 0.6781343991811923 0.08673779584782337 0.11096808197604335 
21.0 0.6588689689892101 0.08228456199823508 0.10142273457951345 
23.0 0.6516545384859328 0.09359831738724211 0.09873539660275621 
