0.0625 0.9674070526730046 0.18780123738870957 0.24976445354264765 
0.1875 0.9409902512497537 0.1679953507964289 0.21850556269749744 
0.3125 0.9465622310466206 0.16964174490530526 0.21191919368733325 
0.4375 0.9566557808907052 0.16831844802756057 0.21282866746399032 
0.5625 0.9725256684928519 0.16957484184729832 0.21609180376192538 
0.6875 0.9864204971303852 0.17431291996071807 0.23524123431595667 
0.8125 1.0013270090385786 0.19006201762626573 0.2684095427019082 
0.9375 0.9878378753863722 0.19964627153866887 0.3238993032363341 
1.0625 0.9613164562733613 0.20027192568025687 0.38173729444614757 
1.1875 0.9369476393367595 0.20192017264005047 0.40213466937820397 
1.3125 0.8505442158516925 0.17607046090967948 0.5600047810118642 
1.4375 0.8210927027894177 0.1635971797760427 0.9666872522345538 
1.5625 0.8590710898578462 0.16121584540717426 0.3291254682544924 
1.6875 0.7213976891172209 0.1680312935590308 0.6852603230929417 
1.8125 0.7561875082676464 0.16768979524256966 0.8254585407154624 
1.9375 0.9544692473502052 0.22187789368191324 0.4065798901791309 
2.0625 0.6448104756743976 0.1309946797003001 0.2155629431783248 
2.1875 0.6352213017554448 0.040489376024268275 0.32339051508679917 
2.3125 0.7661058998433541 0.0 0.0 
2.4375 0.6500922427420058 0.0 0.0 
