1.0 1.219616507509294 0.3057242305965895 0.48531876941514596 
3.0 1.090460867999786 0.2597521203038966 0.38891328302375716 
5.0 1.0285645529516305 0.20549622798609568 0.2865673176105843 
7.0 0.9685368596364219 0.17960920784749024 0.23815900827226755 
9.0 0.9422567031879054 0.1645122616267911 0.21345832732612036 
11.0 0.9198705866432674 0.15953802667898098 0.20171222102195496 
13.0 0.882832855730241 0.14942616440897938 0.19136770118185287 
15.0 0.8457302868130867 0.1383291138321735 0.17624917967682618 
17.0 0.8175606181509426 0.13152843165893824 0.17424138883635854 
19.0 0.7995688740001355 0.12462552252560488 0.15972669966246478 
21.0 0.7879256253323397 0.11783165016085295 0.15134939009143344 
23.0 0.7783919516822732 0.11289599508122328 0.14944447825886897 
