0.0625 1.178169438046834 0.2533272722309119 0.3341256269345958 
0.1875 1.1382250523388087 0.24351886372057308 0.33692915352493724 
0.3125 1.1063840283629478 0.23528519012137905 0.3392231070891836 
0.4375 1.0830530222486563 0.23493155607945604 0.3434322091926947 
0.5625 1.0410906499214976 0.22282982742476531 0.3587013506551291 
0.6875 1.0116912621330134 0.218601095003362 0.39617990605012765 
0.8125 0.9542074725875312 0.22052399960191227 0.4792509635379575 
0.9375 0.9536716454941511 0.2169197095351142 0.5413064125069315 
1.0625 0.9066109700619832 0.20363957724116466 0.5307144114579337 
1.1875 0.8465605049015008 0.18392477743847124 0.49519373099172403 
1.3125 0.9727238874817667 0.2115426745939316 0.44592031868128745 
1.4375 0.8057007381964515 0.18021121526355055 0.7580140668365621 
1.5625 0.8945137512093079 0.19367545299833555 1.1448908821711288 
1.6875 1.0863461507984549 0.29352381479363665 1.0718225479801573 
1.8125 0.8067786165018778 0.17245063850761677 0.3349369727923235 
1.9375 1.1872909336920703 0.3052491096909503 1.0576879471781773 
2.0625 1.035524909908367 0.38216537646804116 1.3435875028956588 
2.1875 0.8121162977656206 0.021710263484923886 0.04923543263205732 
2.3125 1.2252620028766246 0.002612754458360955 0.0015288832316004974 
2.4375 0.9039581154586138 0.002716273610858133 0.06440241901924548 
