1.0 0.9452458734120042 0.21053789394652045 0.5494351919745604 
3.0 0.9499334932427831 0.214790135180017 0.5295571519415995 
5.0 1.0001300998638105 0.21696276528745417 0.3822411030062054 
7.0 0.9936889646490134 0.19412013174736154 0.28390985257641577 
9.0 0.9995128206472242 0.18167879896949268 0.23776978823280726 
11.0 0.9697022117463504 0.17089964352238451 0.21553503133600216 
13.0 0.9200684550270057 0.15770423760769203 0.19971747508421656 
15.0 0.8810089846422282 0.14518829511674136 0.18117966877738723 
17.0 0.8484993545371289 0.13782100437271527 0.17673936580715277 
19.0 0.826638607400147 0.13060887148637768 0.1554418446738094 
21.0 0.819466955458285 0.1278644909467792 0.142844372301975 
23.0 0.8078283435303568 0.11248613399006469 0.13900733121034226 
