0.0625 0.0 0.0 0.0 
0.1875 0.6808121785448829 0.18022480286739706 0.1773157693975218 
0.3125 0.7339653490739521 0.1001583686335129 0.10273160928996572 
0.4375 0.7395506848867459 0.10205184999596617 0.12708105834537287 
0.5625 0.7726887046351025 0.11095771585660041 0.13495632826715487 
0.6875 0.8012706436636335 0.11919602775127147 0.14593021635310055 
0.8125 0.8356566281716198 0.1300504643304301 0.15930038315792083 
0.9375 0.8635034024513968 0.14706804417042618 0.1845474647904919 
1.0625 0.8834154049184306 0.154035759376695 0.20634211051516727 
1.1875 0.8819261645081948 0.15782602746651653 0.24216803062647774 
1.3125 0.873108786225242 0.15883769235703404 0.3097570416926052 
1.4375 0.8289908134697165 0.1777849693131145 0.2023164295644112 
1.5625 0.7696428701014519 0.13593343260972746 0.29515526433851336 
1.6875 0.7654825912976316 0.13032805183464924 0.4212546364450215 
1.8125 0.7822788669414251 0.13991759024431005 0.23983936685637897 
1.9375 0.8138035538825554 0.3091550898924804 0.8928479233275559 
2.0625 0.7152945612631387 0.19852210933503067 0.8718810258220728 
2.1875 0.727480128507344 0.22701797577505944 0.27151705267764514 
2.3125 0.7131887394130051 0.024977516691928936 0.23012928338646388 
2.4375 0.7397572884130996 0.1659338683074989 0.37673088435267976 
