1.0 1.0228931824179954 0.27268892065253114 0.514038996331625 
3.0 0.8981426168582658 0.21111360493661624 0.5302989883702851 
5.0 0.9009256860140806 0.20637667670342308 0.5830538354535417 
7.0 0.9274409579906172 0.21120775007605963 0.4883119794417642 
9.0 0.9224011362998012 0.1854772540911479 0.37362648866534287 
11.0 0.911736917523333 0.17603814677404717 0.331772044574169 
13.0 0.911341831737327 0.1800478135222715 0.3236604212492573 
15.0 0.8933973743036698 0.1758446364425198 0.2616597652628492 
17.0 0.9017092622893094 0.16968903651071554 0.25929631611917026 
19.0 0.8674344909435405 0.14135296844502088 0.23464038939767806 
21.0 0.8633769160915875 0.14530200037653263 0.21338069690106642 
23.0 0.8283903676989732 0.1340810688125017 0.19830099604077578 
