1.0 1.2394711758533525 0.30429105406547563 0.47250692879207024 
3.0 1.1537835355023756 0.2514036136389143 0.34190788864763677 
5.0 1.0381580561856665 0.1856154358845148 0.2543267279629968 
7.0 0.9245857048751396 0.1619403415261924 0.20253234536634324 
9.0 0.8518349536266021 0.13421616808028947 0.1655923845214351 
11.0 0.8084117384551087 0.11705082033157499 0.12721211513235142 
13.0 0.7508915743476011 0.094881106512407 0.12403884915899843 
15.0 0.7701429456484516 0.10944336107389208 0.09530496210543293 
17.0 0.7263364805651971 0.10157039605662366 0.08114627492775339 
19.0 0.7445170911747552 0.08179806347544172 0.08179806347544172 
21.0 0.0 0.0 0.0 
23.0 0.0 0.0 0.0 
