0.0625 0.0 0.0 0.0 
0.1875 0.7823006534482346 0.12223695748253671 0.13992998879376672 
0.3125 0.8108449879691986 0.11831643710609452 0.14129286003270347 
0.4375 0.8478240757446175 0.13317626966783835 0.15830505710341958 
0.5625 0.887057035575109 0.14577171593621197 0.17044089910727667 
0.6875 0.9115247775972459 0.15204360544312612 0.18576769000618576 
0.8125 0.9368560562967663 0.16061181642991174 0.20297277976734818 
0.9375 0.9414565720368755 0.17807045008780664 0.23996247544274762 
1.0625 0.9241473272328451 0.17354351500748733 0.27767464436490896 
1.1875 0.9059540115419988 0.17216241108798536 0.3753665303418663 
1.3125 0.9079185157095614 0.17636861741188803 0.3540238855180037 
1.4375 0.89307701438528 0.1755627470939417 0.4665052090479236 
1.5625 0.7997281566755484 0.1487487100328081 0.3077660587964556 
1.6875 0.7419577577980104 0.13084644559442316 0.9532491839386438 
1.8125 0.7638462550664019 0.12884013869227318 0.3289355064016378 
1.9375 0.8433907459685432 0.21251875966323497 0.6409551078581759 
2.0625 0.6377926475231257 0.18881320025762244 0.24257258387610559 
2.1875 0.6972602497048572 0.06524739156571535 0.20629819581179487 
2.3125 0.7801487933688696 0.15897955419007737 0.1047328494023706 
2.4375 0.8497284820118776 0.26161572888565754 0.23630390843145022 
