0.0625 1.1861366936368194 0.26346369058767427 0.39542517720205317 
0.1875 1.1454175221089922 0.25699992786187575 0.40083152592183846 
0.3125 1.0915850372807023 0.2343039388016861 0.4131659970083619 
0.4375 1.0439259002286017 0.21548615104341318 0.4425575649742204 
0.5625 0.9544875540339959 0.19570187463400213 0.4511881670440021 
0.6875 0.9971032178008258 0.18731505056648245 0.4054300076043297 
0.8125 0.9542929383963824 0.24092543053223225 0.6758545091266229 
0.9375 0.8736377899647434 0.14741564730419998 0.2975123094290124 
1.0625 1.1082677900649305 0.2751346504534794 0.40438818078813576 
1.1875 0.8289468902258688 0.15026489551609246 0.763679411340074 
1.3125 1.0174718813752515 0.16905072066009497 0.36277989795046817 
1.4375 1.1045996399874862 0.39327919378481635 0.4806015435189981 
1.5625 0.9615489279249023 0.20726557085624886 1.185333478450442 
1.6875 1.2529073640535802 0.21136071651914734 0.3648133483222249 
1.8125 0.857754775937408 0.11264727245278594 0.3789559907187112 
1.9375 1.145120769958847 0.2249242980758268 0.27831080790375773 
2.0625 1.3671079868161589 0.1554467323040336 1.3632671311100508 
2.1875 0.8387355812586041 0.038396072011891436 0.08325581657638159 
2.3125 1.1723822859858963 0.02682805137661015 0.1503137427315533 
2.4375 0.0 0.0 0.0 
