1.0 1.1475763851880016 0.314209863532275 0.4712276600109555 
3.0 0.9612138775501108 0.26930047705042004 1.0429949797544045 
5.0 0.84877601001384 0.22953393811305922 1.166890710846439 
7.0 0.7872045316467986 0.20322039435639494 0.5617299445497745 
9.0 0.7558852320293863 0.19084387767244193 0.8486480293784242 
11.0 0.7320100029654231 0.14527567843860933 0.45357994623090314 
13.0 0.780827017807816 0.16694121178933408 0.31099133592221895 
15.0 0.8133328008098801 0.19047710169055831 0.7752857936465269 
17.0 0.7002681040726063 0.10694761981548628 0.3268839624410126 
19.0 0.7503898164689082 0.15452067786516444 1.1598036655015083 
21.0 0.8057492037122325 0.19705253954189217 0.2566580333984829 
23.0 0.7828293210970643 0.2149502536746224 0.4519022634715022 
