1.0 1.0364063870297766 0.2163752151312004 0.4443212966425576 
3.0 1.078700709986538 0.2444968775883002 0.3774347791613655 
5.0 1.0430471400514767 0.19646623173587185 0.26162511142441436 
7.0 0.9700311216151292 0.17092387251360985 0.21563366465804745 
9.0 0.9287133387118955 0.15353969273449197 0.19087872154390806 
11.0 0.90150121039259 0.14768636796180767 0.17542755596348447 
13.0 0.8598973906145149 0.13794861228049193 0.16523663675706812 
15.0 0.8149111443773999 0.12382612951829985 0.14843242132139534 
17.0 0.7804763607890693 0.11198468135770556 0.14141720290027593 
19.0 0.7647247859526017 0.11419130673625733 0.12613176538993665 
21.0 0.7442048253397455 0.10043650862389597 0.11887490344987972 
23.0 0.7296593391094043 0.09557667965988337 0.11555695819136602 
