0.0625 1.1843929162850693 0.2617787170846745 0.3830769929329254 
0.1875 1.1308729379293916 0.24978686202277456 0.3658324191423683 
0.3125 1.0513259163547415 0.22881852351571497 0.3409582793283208 
0.4375 0.9761894885378888 0.20111332833570406 0.29830229864555724 
0.5625 0.9293031573443551 0.17755520998486563 0.24771886061758064 
0.6875 0.932864612045583 0.17540085815046047 0.2506741071869367 
0.8125 0.9348742708589712 0.18684094129646533 0.2924223254489189 
0.9375 0.92542726359475 0.17835085517775917 0.3002190316765734 
1.0625 0.9559793393777704 0.21313763830456278 0.360222573158138 
1.1875 0.8745726505750618 0.1764835830297875 0.41211586208109685 
1.3125 0.9407068800805477 0.1953708823191208 0.38321390997249594 
1.4375 0.8815791791704052 0.21586520855995184 0.6379235749172397 
1.5625 0.8810286014325587 0.19571063483452567 0.41027620445396173 
1.6875 1.0381334250995675 0.37956012249483095 0.6401476489473645 
1.8125 0.8071034380563471 0.16751157339631695 0.3580160057064963 
1.9375 1.0521073687720495 0.2651938539998512 0.7339639268070337 
2.0625 0.8721495571297453 0.30199920166783656 1.2608834118699996 
2.1875 0.7553286507544947 0.1589293330303576 0.200940689504702 
2.3125 0.9374743088787917 0.2318389187770401 0.28914107243512366 
2.4375 0.8816397818576214 0.22697776343666887 0.13806475156569964 
