1.0 1.4062739319860573 0.559386400173913 0.9135854067895894 
3.0 1.5478588890918301 0.5045247582691081 0.6549626553775396 
5.0 1.4771256241474118 0.35230491736613834 0.5062525768185777 
7.0 1.3278814693364684 0.2649214783820748 0.3471853064854862 
9.0 1.359038123018847 0.2519365361488728 0.3037012864946349 
11.0 1.295029346759463 0.2243757719219499 0.2643843360631748 
13.0 1.1786989418417573 0.19719904503022656 0.23309956378029173 
15.0 1.0684905559588302 0.1689880285473775 0.20438170793587918 
17.0 0.9918685717503998 0.1524312920086185 0.19936475353496685 
19.0 0.9429337436102458 0.15046191869826853 0.21377404171115733 
21.0 0.9398184228994667 0.1694005254111024 0.21802769584663861 
23.0 0.9466011625017581 0.14565460679004671 0.20183492850110607 
