1.0 1.8621422032121198 0.5386661425672596 0.6319138086373581 
3.0 1.6147432110486106 0.42456845609693805 0.5398248839642841 
5.0 1.3935661236277497 0.2988702729367112 0.4387464519939763 
7.0 1.2388086646218148 0.2578500203581655 0.3368577557905188 
9.0 1.178909093782493 0.23013161929324255 0.3178697644858568 
11.0 1.1674919260732113 0.22193509949759538 0.29019111875484316 
13.0 1.1014534546678274 0.20372129808328898 0.25228716783783156 
15.0 1.015376980942818 0.1728874584255674 0.2342224689700081 
17.0 0.9484853075016696 0.1565924350212895 0.23766642321246778 
19.0 0.8997844081071589 0.14348223935114957 0.26026536971554926 
21.0 0.8815184107073466 0.15490245100020905 0.27140940776886313 
23.0 0.9116606558796004 0.18260163774391547 0.2493988231842016 
