1.0 1.6006159293937112 0.4824075401634853 0.6143462934615163 
3.0 1.6087533654222823 0.39891889880103815 0.5450081626776719 
5.0 1.3956612136269395 0.2815009364467216 0.38916785770458384 
7.0 1.2042259630444057 0.23818833463041833 0.29263039573971894 
9.0 1.107323826077668 0.18960548046450898 0.22918510783359336 
11.0 1.0917664334823796 0.18796795451940984 0.23152863075035768 
13.0 1.0358135700962106 0.17943576059367894 0.2153842481149204 
15.0 0.9543186722843485 0.15120015948592702 0.1866704116610406 
17.0 0.8834110268250897 0.12920831141198175 0.15984952295534693 
19.0 0.8307660539842221 0.11298583125200878 0.13078493539912883 
21.0 0.7875042630850162 0.10559312032367318 0.13495925974019418 
23.0 0.7690422665875961 0.10973565774922056 0.1490602232881214 
