1.0 1.186545773076753 0.3637858122687777 1.1895340258322489 
3.0 1.5711882373262924 0.7317084566304524 0.9398771192735687 
5.0 1.5847160517156689 0.832799497804989 0.7454321362765599 
7.0 1.340575056452021 0.6373598264316765 0.8305716109349495 
9.0 1.1987432419304074 0.43109111783732956 0.952477553145828 
11.0 1.1806552657755942 0.35807955839754957 0.8528147610630374 
13.0 1.2589416654096481 0.42267629129445083 0.619664647815835 
15.0 1.1994946117466103 0.4214676223015248 0.9322420403206197 
17.0 1.178463623159797 0.4114340975222035 0.7803433269325102 
19.0 1.4190882604623467 0.4193123702967666 0.7441122467129171 
21.0 1.659272221110456 0.7805027673489607 0.8150997104842117 
23.0 1.5925921369060734 0.7915785650195006 0.6453481996180361 
