0.0625 1.1392997491313728 0.21521264114920002 0.32766096218483165 
0.1875 1.139572368732927 0.26412283190683983 0.29144306176701007 
0.3125 1.1424564336032208 0.25691744093071767 0.3074171775411041 
0.4375 1.1628564222859705 0.22531915357761412 0.30613888165561387 
0.5625 1.205146922740115 0.21721542172988295 0.30124496884124485 
0.6875 1.2691775970251349 0.23299519968136329 0.3092099813900189 
0.8125 1.3519358821043457 0.2604791637855264 0.323870600136944 
0.9375 1.4336457988046236 0.3104379079456716 0.37267491879257597 
1.0625 1.492274714320454 0.3439499248859663 0.40913247082152315 
1.1875 1.5258948256089808 0.3908742702993173 0.5147601419388277 
1.3125 1.449647579706358 0.37434783568095087 0.5080561148063312 
1.4375 1.1816635460339504 0.3166554760914998 0.7667658212101112 
1.5625 1.5383748895140656 0.7430800065353743 0.7435336146550839 
1.6875 1.8010405029203125 0.7012146764944536 0.4950467424878031 
1.8125 1.094973033513925 0.2978652213832246 0.8165998471596205 
1.9375 0.9522700781331433 0.3310456473656864 1.4950302594689506 
2.0625 1.9476790426930413 0.5109284710526527 0.7217353765447483 
2.1875 0.9133521517399149 0.30157174165684697 0.3475805281859633 
2.3125 2.170046813666006 0.0 0.0 
2.4375 2.2152534839107116 0.0 0.0 
