1.0 1.8866407674521368 0.5197351908845349 0.6255279221749142 
3.0 1.6402901113205215 0.3905328869119169 0.47734778518535537 
5.0 1.3099424577557977 0.25464935426687174 0.41230043073054423 
7.0 1.122236599503342 0.24919539007340819 0.26911225423990803 
9.0 0.9528022227467116 0.17788972021199556 0.2350062669688483 
11.0 0.8767111371222766 0.13203046233545557 0.18492185213084722 
13.0 0.8648413751943527 0.13327207230963967 0.1325315204459323 
15.0 0.8391894570784304 0.10133680260504252 0.08649911542160826 
17.0 0.7370548219008701 0.06550556985761247 0.1209504399278738 
19.0 0.7571202769153215 0.027016530855718868 0.027016530855718868 
21.0 0.0 0.0 0.0 
23.0 0.0 0.0 0.0 
