0.0625 0.0 0.0 0.0 
0.1875 0.7584723938803133 0.031138718067228566 0.06464508730537011 
0.3125 0.7826939194569859 0.1197268394935308 0.15923747720439074 
0.4375 0.8144084699429135 0.12200739990013709 0.15133751887843683 
0.5625 0.855974698788915 0.12442575781631438 0.16576356649515023 
0.6875 0.9009463312437648 0.13253042374830803 0.17547829664704906 
0.8125 0.96754554884509 0.153444812374684 0.19601375977792868 
0.9375 1.053558413476547 0.17790482326742285 0.2323010221171551 
1.0625 1.129467009912411 0.2117090657204701 0.309154461307644 
1.1875 1.2626395071632563 0.2772135047581942 0.3185532875331776 
1.3125 1.3701509476776126 0.27356990965882244 0.35882050818943134 
1.4375 1.4217432339388538 0.2909344821878239 0.37921522355395343 
1.5625 1.3465972145315903 0.32925973703590583 0.5424070413780238 
1.6875 1.3075019223998923 0.38526073974454333 0.5514534231129489 
1.8125 1.5446040087929511 0.6378373238924114 0.7428287889645968 
1.9375 1.5162814988408686 0.5606008798137976 0.6765900641576315 
2.0625 1.2996851892529908 0.5259483961078891 0.8266749363290846 
2.1875 1.5203073842551584 0.41667057913852035 1.0285343323035983 
2.3125 2.3352425609790726 1.1138212349709942 0.4327784508964436 
2.4375 0.7325785777906813 0.04437310735877242 1.5160528738718506 
