0.0625 1.636857856019853 0.3804430450757219 0.4750932568784101 
0.1875 1.6087527830492978 0.39305968958851945 0.48229978341154034 
0.3125 1.5783024153142238 0.3747670678102226 0.5104181439830606 
0.4375 1.5635145302446731 0.3696901587495567 0.5342526588253627 
0.5625 1.538040747413142 0.3632151351401782 0.5269252010682204 
0.6875 1.5521277642811995 0.38791208150833434 0.5424548809042979 
0.8125 1.5566558645087638 0.44337741280074705 0.6095787571756661 
0.9375 1.4970239625998136 0.5404195110191041 0.7452826368015266 
1.0625 1.7265733456829964 0.6716518322215723 0.7383848571557514 
1.1875 1.4415965179615342 0.4749195661783927 0.7715490831321556 
1.3125 1.083957291136922 0.3667951222244583 1.167163777571529 
1.4375 1.8648220272824783 0.7677140899040782 0.7404684869816389 
1.5625 1.1494794490409155 0.33874815613439146 0.6278645523882267 
1.6875 0.9214032020926035 0.24713588053981816 1.4991932099091245 
1.8125 1.8300828506888211 0.5467364701944206 0.5549469580653774 
1.9375 0.827308654400792 0.14140362581051336 0.3889873501842852 
2.0625 1.9577014833311424 1.0810177643415977 0.8073629211084183 
2.1875 1.0535679036205985 0.0663280984514254 0.1975321177370022 
2.3125 0.8549966167043515 0.028911364868739797 0.002359362314605984 
2.4375 3.0831585499766674 0.3060140841039729 0.0024937897364893935 
