0.0625 1.7405226100258187 0.4387095713729743 0.5284642964136061 
0.1875 1.7179422781465745 0.4301079633074558 0.5472231912389538 
0.3125 1.6623647096736576 0.4426785656387955 0.589036152064869 
0.4375 1.653372373729015 0.4774131615656365 0.5874803244047762 
0.5625 1.5502961220442846 0.4394973170629599 0.6318060615277152 
0.6875 1.1961098595037818 0.38969078158897297 0.7883303570409734 
0.8125 1.6787769106829242 0.8049655296838636 0.9017187361313814 
0.9375 1.3342041381204839 0.43836268350081575 0.6975752178564256 
1.0625 0.9248685054058896 0.21226246596997733 0.9500142548242647 
1.1875 1.966204093609867 0.704250925464927 0.7254585857968492 
1.3125 1.0104804929539482 0.2793855969225144 0.4359302081382799 
1.4375 1.4063003731260673 0.6196723939309645 1.4038358797232977 
1.5625 1.5305180720690397 0.3889722240512825 0.740659552985554 
1.6875 0.8975818375400266 0.16673634621794353 0.30462691825777255 
1.8125 2.2662800735441158 0.8083944055464156 0.6076717252391757 
1.9375 1.161228650328907 0.33697318562992606 0.4068569000063236 
2.0625 1.0158596606461234 0.1680936044916047 0.8535483979149163 
2.1875 1.0390433021698824 0.0021493951002142797 0.07999060461685437 
2.3125 1.087243263366207 0.09674078867847657 0.14308989251312765 
2.4375 0.0 0.0 0.0 
