0.0625 0.0 0.0 0.0 
0.1875 0.8541747604812125 0.13091323520208642 0.16757070719489808 
0.3125 0.9138639983062384 0.14661927935274155 0.16529759418596046 
0.4375 0.9944928384153372 0.16445357578196085 0.1883740272527169 
0.5625 1.0756827857062203 0.18114731934996098 0.21688333075772226 
0.6875 1.1478170640521106 0.20170497839858637 0.24365289365081289 
0.8125 1.214222087104202 0.20852326410267574 0.2547566838280191 
0.9375 1.2510860019109913 0.21630158302747393 0.2802244217802261 
1.0625 1.2313251416443225 0.2164694536531715 0.3035800883753854 
1.1875 1.2418657120165393 0.2614899867214221 0.3759521250871949 
1.3125 1.3304519867521154 0.34060236477726935 0.4759743720680303 
1.4375 1.6392145617197396 0.5484638515011773 0.4629435565382334 
1.5625 1.6718277218546027 0.448519552549151 0.47247089410775667 
1.6875 1.2924183021423894 0.3816001423063129 0.6489398570941676 
1.8125 1.106045100315246 0.32659973373706186 0.7199626993604327 
1.9375 1.3677222065719885 0.5325203555813868 0.5319025327930633 
2.0625 1.3156740165952008 0.42476636768785847 1.2634216384521673 
2.1875 0.8738713047026645 0.10142509174686054 0.36853617424140417 
2.3125 0.9939577581207433 0.14494308002975798 0.17400943132954727 
2.4375 2.39618133141434 0.9928411141076068 0.9287222674291944 
