1.0 1.1859414025248474 0.41334132709235294 1.1864384565159867 
3.0 1.519113850980569 0.6527219821898766 0.8757943699034376 
5.0 1.488976892105334 0.5052750695363804 0.6789509139059124 
7.0 1.5202371775940375 0.4421462970047709 0.49616571980551516 
9.0 1.4407942966882756 0.33333123874716075 0.4268900980819026 
11.0 1.3186837301416752 0.27691798383877053 0.40606751628844395 
13.0 1.2499200361779772 0.25565758898026336 0.40800296808236336 
15.0 1.234107469808602 0.2837632277609121 0.42677965333636436 
17.0 1.2794956784641491 0.3213743796512655 0.3728446349468608 
19.0 1.264137389671519 0.2907047210893956 0.30159884051500496 
21.0 1.2340413003261241 0.23369766473657272 0.2812083742368412 
23.0 1.1596929757342096 0.15930368429396768 0.28840112332182266 
