0.0625 1.7211375672459466 0.42936060311243196 0.5256972404417695 
0.1875 1.6425013625497877 0.4253025078724326 0.5317841440922493 
0.3125 1.4773614524585885 0.42057149232061475 0.5759113494709909 
0.4375 1.2907880594934 0.3463707953370211 0.5854325826398807 
0.5625 1.1811341852556239 0.2724234538166559 0.4484478905290543 
0.6875 1.188095157958752 0.2879534284569012 0.43204722696679987 
0.8125 1.2677963744330634 0.316283122063472 0.5291503479867568 
0.9375 1.2910915411714265 0.3213741894767631 0.5238190030592378 
1.0625 1.2916678332042015 0.38162783880113516 0.638981152116149 
1.1875 1.4595912109975298 0.4290997374844687 0.7188931011484629 
1.3125 1.2292661487270176 0.4003677760202329 0.6110409766022746 
1.4375 1.5511461527447359 0.6525770154665048 0.8875766332929678 
1.5625 1.4078985001609565 0.47920116901648613 0.7073061563744241 
1.6875 1.089035320514872 0.34002561021809496 0.9589856464999436 
1.8125 1.6915490374231175 0.7041556678171395 0.7196817942983216 
1.9375 1.0216304272651022 0.3149078858866514 0.6386983901548255 
2.0625 1.4783684516588478 0.6103389147342224 1.0329182722353263 
2.1875 1.0380771437777296 0.32281720714616036 0.5284339406273955 
2.3125 1.1839115598256782 0.32946688926368417 1.3098654437898645 
2.4375 2.3555513626092477 1.5957940363164094 0.7286803636606884 
