0.0625 1.3386669076393098 0.2779090051196753 0.32861430779969436 
0.1875 1.2761210487810895 0.2669891905986357 0.3186266945662628 
0.3125 1.181893827857073 0.26104793878729404 0.31283520363785766 
0.4375 1.0824068644574827 0.234063022602786 0.2955605868307354 
0.5625 1.020420728630838 0.20820142597787383 0.2507241984059305 
0.6875 1.0195887016895213 0.19793002694865613 0.24159233174047579 
0.8125 1.027366168225729 0.20682937349400543 0.24543554099324738 
0.9375 1.0232510776768926 0.19451935623837613 0.23679832108530063 
1.0625 1.0333976728794319 0.197189692060036 0.252168823025791 
1.1875 0.9594823894359437 0.20589430676451115 0.25959395276928743 
1.3125 1.0210812617941625 0.19088334368780158 0.2329147072527471 
1.4375 0.9615938939466264 0.24815227163690168 0.2981069836156751 
1.5625 0.939109104454951 0.18824003275495493 0.23393740532496798 
1.6875 1.0154838422718124 0.27429601744018883 0.3067982861216014 
1.8125 0.8707379981311545 0.20573167743283327 0.28721932839345543 
1.9375 1.0141467044938706 0.22703919883770374 0.3069466585746705 
2.0625 0.8177228855794607 0.21158325349990748 0.4563594389475363 
2.1875 0.8056720466685927 0.20061995700317914 0.19958835390570617 
2.3125 0.9362160521723586 0.2865902561052537 0.5215192580433261 
2.4375 0.8659215834068583 0.27347897102419916 0.1912407087618324 
