0.0625 1.340329291436743 0.2795686530404107 0.3297018265801155 
0.1875 1.288358553040524 0.2684811993402374 0.30780933951402667 
0.3125 1.2239240237006992 0.23906406087375232 0.2823596692636803 
0.4375 1.1643401904777906 0.2199793076113873 0.2539184172406652 
0.5625 1.0521135828833996 0.20967040860322628 0.24281128027126164 
0.6875 1.0413116715384731 0.1764778192286932 0.2370168002373252 
0.8125 0.9843558182121499 0.24381350792692869 0.29876551492540515 
0.9375 0.9302976910290499 0.17366065215996607 0.20362202743379965 
1.0625 1.0832729042071594 0.21360953063338395 0.2786229450771922 
1.1875 0.865227507377688 0.19920026068413876 0.30747344036938484 
1.3125 1.0399568452089283 0.1747572962677345 0.21925557716441513 
1.4375 1.1103496765239633 0.38104798973317566 0.350245254964729 
1.5625 0.9703461786957785 0.19209805647349532 0.24728645263645643 
1.6875 1.2353316713170595 0.2265632084547622 0.41865317202619634 
1.8125 1.1019122783936839 0.2827472409755881 0.19920914898316955 
1.9375 1.139827207591396 0.17224954038926465 0.36607324479870673 
2.0625 1.2714842007644744 0.3560382320369554 0.8575921811826093 
2.1875 0.9725258976295141 0.06826807867031337 0.0015177518024018788 
2.3125 1.509300131949818 0.15539900748746982 0.026282183752825983 
2.4375 0.0 0.0 0.0 
