1.0 1.1486167813848682 0.2272823874552068 0.27068101137571365 
3.0 1.2175398859448057 0.246319501702561 0.31498467636712135 
5.0 1.1688285622151446 0.20262875736421826 0.25304272553843776 
7.0 1.0626051852279819 0.18329073998729584 0.21503914445023842 
9.0 1.0038521164239242 0.16030222812051775 0.18494611604425826 
11.0 0.9773902421502776 0.15911729085405568 0.18449316599445953 
13.0 0.9195086095826603 0.14610580390508154 0.17854614341291986 
15.0 0.8590060518549129 0.13020200470514942 0.15757243862912917 
17.0 0.8046032069250851 0.11355729575562534 0.12978063492932201 
19.0 0.7663571445683136 0.10201599403106754 0.12324828018613176 
21.0 0.7396897138141166 0.09639758414162358 0.10906273007434064 
23.0 0.7235680955165829 0.08988525140553338 0.12059521983405319 
