0.0625 1.3318450580896297 0.26727915075468767 0.32273920619921204 
0.1875 1.288228111375313 0.2577515414716809 0.3272599475879814 
0.3125 1.2547875884718394 0.2491422264519203 0.31633130810835164 
0.4375 1.2187643475418386 0.2360323383124482 0.31099572509783546 
0.5625 1.1679764269479027 0.22089482138750394 0.2723087716452528 
0.6875 1.1365914777333475 0.22061244529990653 0.27066257203554134 
0.8125 1.079800315961973 0.2345570958746217 0.29458691941799575 
0.9375 1.052648036101899 0.22908415078867927 0.2728102086520663 
1.0625 1.0022994470167832 0.2225224533055803 0.3129839605759337 
1.1875 0.919461216999462 0.2037315467005677 0.2707594991196032 
1.3125 1.0323387703561957 0.2149376647885789 0.2254784350637471 
1.4375 0.8423875401094439 0.21066683379368933 0.2883783689371634 
1.5625 0.9043499185135147 0.18526184940131052 0.21016248487198563 
1.6875 1.0624946283999843 0.31587163063665646 0.1973757870963042 
1.8125 0.8315430725801256 0.19819285908679896 0.26634302007578126 
1.9375 1.0718692818499358 0.23057868730636533 0.2927819909426115 
2.0625 0.9375757821390189 0.25096330740057393 0.4194808610100662 
2.1875 0.9094302690022938 0.021085974631185445 0.28011212691293397 
2.3125 1.2826382656012105 0.026461017863124603 0.002341496730542625 
2.4375 1.0519455362457002 0.2790235051756602 0.003794128463630697 
