1.0 1.0269167134130446 0.2547700243546116 0.2923401596642752 
3.0 0.9581436485692003 0.2234243421950397 0.2768614603434201 
5.0 1.0167828165501527 0.22019048146563724 0.2754843555197186 
7.0 1.039676007529535 0.2093241387994652 0.24512669539928145 
9.0 1.031112723076211 0.1789391963059005 0.2376851691100108 
11.0 1.0145043758004682 0.16840881557456389 0.24003564907514252 
13.0 1.0068588955427478 0.17818958935864992 0.2271089590660076 
15.0 1.0051553854601705 0.17261154718361393 0.21850646304340926 
17.0 1.012310244343253 0.17097257996167525 0.20005020687941033 
19.0 0.9910124766228194 0.17507436346030647 0.18811080731944996 
21.0 0.9718181921032822 0.15151695989387037 0.1934777707288977 
23.0 0.9432351166096273 0.13941801173753388 0.15593856087917057 
