0.0625 1.0495759087583139 0.1990169884347427 0.21041909603185083 
0.1875 1.0302178162960867 0.2138675804169119 0.23294596503846376 
0.3125 1.0261380874669752 0.20145971781491534 0.228918520035446 
0.4375 1.041587028192121 0.17747051773625755 0.22200512492595026 
0.5625 1.0679159700362841 0.1777184696441585 0.21422502297847568 
0.6875 1.0928964447020157 0.17782367771738639 0.2127665037797768 
0.8125 1.119087064271717 0.18777920182474317 0.21898873837717203 
0.9375 1.1284584462361078 0.1924368197757712 0.2310934419749595 
1.0625 1.0915494223328324 0.19891106213724663 0.24717049017797832 
1.1875 1.0263105685759202 0.18867536243770056 0.21282144917458723 
1.3125 0.9667120128416611 0.18065166004837574 0.25562367041817846 
1.4375 0.9409303213876946 0.18682379167551233 0.24294867276213383 
1.5625 0.9809549907932839 0.186245596174331 0.24495028653483042 
1.6875 0.826686729189269 0.2010374062153647 0.29803705003961745 
1.8125 0.8178881254626316 0.19862183293698732 0.22402530621105754 
1.9375 0.9076718354038626 0.18797875560223454 0.25328650277342657 
2.0625 0.6735303351411247 0.11113169112815824 0.18694757954470242 
2.1875 0.7955367996594989 0.1853075047884012 0.11700488477221327 
2.3125 1.2849887201398364 0.0 0.0 
2.4375 0.9001815251830265 0.0 0.0 
