0.0625 0.0 0.0 0.0 
0.1875 0.6858036682102411 0.06735770835366717 0.09604925462907143 
0.3125 0.7281645502041757 0.0974281070554438 0.12580089367264558 
0.4375 0.7468216647980459 0.1052199419381662 0.1280340326897772 
0.5625 0.7893347013453574 0.1114927180345846 0.13593769852018356 
0.6875 0.8270446476064691 0.11907641919759393 0.1417372393998656 
0.8125 0.8760736121276029 0.1305129091627848 0.15865726489593812 
0.9375 0.9284308341064555 0.1404404932569271 0.1697596027991426 
1.0625 0.97616565693244 0.16142909931091187 0.19142755435689485 
1.1875 1.0030482551077502 0.16970597197296122 0.2019988270598767 
1.3125 0.9983725603413109 0.17601181332123417 0.2080970330882248 
1.4375 0.9515098845833577 0.1919731086820008 0.1777137430788197 
1.5625 0.9163575597510841 0.15265634221247715 0.24550711001575276 
1.6875 0.8881851049659258 0.18542949639003037 0.2948235537733087 
1.8125 0.8511591331019428 0.1777309877372194 0.23152814488060103 
1.9375 0.8185146518427189 0.19014858843093208 0.21345951801950558 
2.0625 0.7855061465143144 0.170598559948563 0.06473728126890532 
2.1875 0.612804141180824 0.181301955564454 0.15019279078335734 
2.3125 0.7414241647985573 0.18202184434693958 0.180318794829886 
2.4375 0.6931527537571266 0.10484653906732866 0.24116064459559627 
