1.0 0.9893704128433329 0.21660121815295852 0.2594737586114664 
3.0 1.0673197541565287 0.23898510389139604 0.28965385500573837 
5.0 1.1217371595801542 0.21267858191177402 0.2598551001958249 
7.0 1.1134962364454406 0.18958218129843563 0.2231675870384373 
9.0 1.1257402275530262 0.18474815612252837 0.21134912548204965 
11.0 1.0803945765485707 0.1713767504476401 0.20211060557815186 
13.0 1.008355403324348 0.15752816263382352 0.18358453524451246 
15.0 0.9440948858076675 0.1412496958929471 0.16216825166639615 
17.0 0.899811278771457 0.13277883751328046 0.16694824187673207 
19.0 0.8620407967038215 0.12623719009077483 0.15863424106100288 
21.0 0.850946234240739 0.13100322098900774 0.1467112319482089 
23.0 0.8450164249591682 0.12069093667603104 0.14756829259085713 
