1.0 1.3638650548863158 0.32967568787437695 0.39859164334534203 
3.0 1.2243626118425577 0.2703741812803251 0.33070439576990274 
5.0 1.1497923953757452 0.2115335581735479 0.2604002353265844 
7.0 1.0686815554544566 0.19018709598005146 0.22042362440969954 
9.0 1.0322890060678676 0.17533105831075224 0.20713897884831467 
11.0 1.0106092390481387 0.1717641862543493 0.20210643913847215 
13.0 0.9585522722274064 0.1609093771972505 0.18940164294185402 
15.0 0.9053968774595141 0.14744338843839322 0.17296499574657365 
17.0 0.8567907284212247 0.13370507786317887 0.17645583735372183 
19.0 0.827367637517959 0.12982850101890997 0.17162462635673914 
21.0 0.8064837562995637 0.12733766839928717 0.1659489281725235 
23.0 0.8103224797848888 0.1330283704149562 0.16964013643621068 
