0.0625 0.0 0.0 0.0 
0.1875 0.8051822971647415 0.10904959742961973 0.11228644910845909 
0.3125 0.8414195449491317 0.12395466084286733 0.15485519368072853 
0.4375 0.9004875311457471 0.14354465836697627 0.16975871353909266 
0.5625 0.9583661103542093 0.1556879891122941 0.1832524603068194 
0.6875 0.9967033491870164 0.16103656305245972 0.1911553308064059 
0.8125 1.0369894406026525 0.16293004054972715 0.19482057770825456 
0.9375 1.0409734846145868 0.1710528257099342 0.2017473313866145 
1.0625 1.0123229156184668 0.16783310794244122 0.21647269872861163 
1.1875 1.0111009698224485 0.16893084698877436 0.23674290116624763 
1.3125 1.0522611391149033 0.19257641256849578 0.24891349832410992 
1.4375 0.9939777996665684 0.15172349965955256 0.2441644170715893 
1.5625 0.9463861833064408 0.20395240222409705 0.17270001809978408 
1.6875 0.894433815470593 0.15119722637113253 0.19726411096904461 
1.8125 0.8997797627380792 0.18027364304456617 0.22233533055626897 
1.9375 0.9141273021821307 0.33229975577203474 0.21808416404234132 
2.0625 0.7130324253166616 0.19169808994520876 0.1653704057280886 
2.1875 0.675424071600481 0.06732087609892001 0.35307471381322697 
2.3125 0.6215587309952479 0.08338411990543859 0.1361145534446141 
2.4375 0.8430896182205542 0.18291365002406934 0.5159612475522156 
