1.0 1.3938500694795137 0.32697482456225946 0.3919342535280055 
3.0 1.30549551780133 0.26340057146820794 0.32667090311186864 
5.0 1.1610550603364784 0.20614770222262535 0.2658166492148524 
7.0 1.0119218768329896 0.19990389978152667 0.21577538041462518 
9.0 0.8878269657461442 0.14762388260237258 0.18683859131767244 
11.0 0.8301282578505874 0.11983887562804563 0.1520595518107547 
13.0 0.7975521303404158 0.10506612175805985 0.11575851784188484 
15.0 0.7586101124739124 0.13615324222302705 0.1343296650111847 
17.0 0.7213952931175853 0.10982718027832628 0.08845246883648195 
19.0 0.737379527083514 0.07293591929409848 0.0729359192940986 
21.0 0.0 0.0 0.0 
23.0 0.0 0.0 0.0 
