1.0 1.1723392439957838 0.2336945211006164 0.40663670663032536 
3.0 0.9534786484232877 0.2728181337096859 0.32179643991141094 
5.0 0.8079693827278509 0.18727275158869894 0.36670207767434726 
7.0 0.8109345073021236 0.20816689720692838 0.1981526116743949 
9.0 0.820520758481373 0.1816550014875462 0.27907789412508155 
11.0 0.8180231720039787 0.21568649683336327 0.22768595995727725 
13.0 0.8854777578474675 0.2803324142914573 0.25523249878279297 
15.0 0.9008860986001931 0.24943367316343334 0.2246204153057748 
17.0 0.8043643370102965 0.18735870897403428 0.2728045466680876 
19.0 0.8178022960740848 0.2030947533823847 0.23819099901946938 
21.0 0.8068309815623286 0.14448685562513874 0.24903699496056164 
23.0 0.8277993205428583 0.20612922681867152 0.28372978854332753 
